
%Usando 25 amostras
% x=[82 91 12 92 63 9 28 55 96 97 15 98 96 49 80 14 42 92 80 96 95 15 22 99 52];
% y=[66 3 85 94 68 76 75 39 66 17 71 3 27 4 9 83 70 32 95 3 4 89 66 99 35];

%Usando 50 amostras
% x = [51	60	13	86	43	46	7	48	60	8	45	73	6	6	73	32	7	56	22	34	54	59	78	89	88	99	49	28	5	66	1	48	76	90	7	69	53	54	76	57	49	55	71	12	56	78	33	1	42	23];
% y = [30	10	69	99	46	0	72	10	18	3	46	71	41	82	38	5	65	13	80	77	35	21	51	33	91	32	3	15	76	70	7	32	28	31	44	11	38	99	53	92	73	41	27	27	94	84	53	24	26	75];

%Usando 75 amostras
% x = [57	46	84	88	61	72	5	30	86	79	43	16	86	38	86	25	41	84	45	60	43	61	81	68	78	34	51	39	1	73	4	36	40	52	32	84	67	33	8	20	95	74	66	93	17	74	83	54	7	16	95	9	77	22	26	41	61	52	23	28	42	86	22	84	87	72	58	58	86	8	77	34	38	76	65];
% y = [51	35	94	22	2	41	95	81	79	27	46	55	66	32	25	28	5	53	0	54	44	70	16	14	66	70	41	31	63	89	43	54	30	45	35	55	82	12	22	12	95	7	60	9	59	23	60	22	55	73	27	99	14	99	17	88	76	68	1	99	15	75	16	69	84	5	16	5	100	58	74	97	6	42	53];

%Usando 100 amostras
x = [32	99	54	4	1	43	44	20	43	49	5	86	34	45	14	64	8	97	15	87	87	39	79	85	47	75	81	14	2	72	94	42	29	3	32	84	17	44	71	42	29	22	41	36	49	36	44	58	72	55	25	16	1	20	9	88	78	43	56	75	50	7	77	48	47	83	39	19	22	96	94	61	37	92	22	81	1	67	44	67	83	6	10	84	29	57	36	67	99	91	87	34	96	86	66	66	76	88	41	96];
y = [68	61	97	53	86	73	31	63	18	23	30	88	29	80	44	72	51	67	37	8	97	94	88	23	8	54	46	80	64	11	45	83	58	23	74	51	41	99	74	21	29	35	76	23	29	97	91	43	50	81	71	47	62	45	14	52	28	26	26	22	96	46	68	9	60	92	40	50	57	93	30	80	97	86	21	79	96	29	63	88	1	28	98	21	23	11	41	57	41	91	51	35	74	91	20	75	43	64	75	50];

